[gd_scene load_steps=10 format=2]

[ext_resource path="res://tiles/Tile001.tscn" type="PackedScene" id=1]
[ext_resource path="res://tiles/Tile002.tscn" type="PackedScene" id=2]
[ext_resource path="res://tiles/Tile003.tscn" type="PackedScene" id=3]
[ext_resource path="res://tiles/Tile004.tscn" type="PackedScene" id=4]
[ext_resource path="res://tiles/Tile005.tscn" type="PackedScene" id=5]
[ext_resource path="res://buildings/pillar.glb" type="PackedScene" id=6]
[ext_resource path="res://tiles/tile_unplanted.material" type="Material" id=7]
[ext_resource path="res://menus/Menu.tscn" type="PackedScene" id=8]

[sub_resource type="Environment" id=1]
background_mode = 1
background_color = Color( 0.52549, 0.666667, 0.666667, 1 )
ambient_light_color = Color( 0.996078, 0.992157, 0.992157, 1 )
ambient_light_energy = 0.5

[node name="Main" type="Spatial"]

[node name="WorldEnvironment" type="WorldEnvironment" parent="."]
environment = SubResource( 1 )

[node name="DirectionalLight" type="DirectionalLight" parent="."]
transform = Transform( 1, 0, 0, 0, 0.258819, 0.965926, 0, -0.965926, 0.258819, 0, 6, 0 )
light_energy = 0.5

[node name="Camera" type="Camera" parent="."]
transform = Transform( 1, 0, 0, 0, 0.729279, 0.684216, 0, -0.684216, 0.729279, 0, 16.8468, 15.0135 )
visible = false
projection = 1
size = 20.0

[node name="tiles" type="Spatial" parent="."]

[node name="001" type="Spatial" parent="tiles"]

[node name="Tile001" parent="tiles/001" instance=ExtResource( 1 )]

[node name="Tile002" parent="tiles/001" instance=ExtResource( 1 )]
transform = Transform( 0.92388, 0, 0.382683, 0, 1, 0, -0.382683, 0, 0.92388, 0, 0, 0 )

[node name="Tile003" parent="tiles/001" instance=ExtResource( 1 )]
transform = Transform( 0.707107, 0, 0.707107, 0, 1, 0, -0.707107, 0, 0.707107, 0, 0, 0 )

[node name="Tile004" parent="tiles/001" instance=ExtResource( 1 )]
transform = Transform( 0.382683, 0, 0.92388, 0, 1, 0, -0.92388, 0, 0.382683, 0, 0, 0 )

[node name="Tile005" parent="tiles/001" instance=ExtResource( 1 )]
transform = Transform( -1.62921e-07, 0, 1, 0, 1, 0, -1, 0, -1.62921e-07, 0, 0, 0 )

[node name="Tile006" parent="tiles/001" instance=ExtResource( 1 )]
transform = Transform( -0.382684, 0, 0.92388, 0, 1, 0, -0.92388, 0, -0.382684, 0, 0, 0 )

[node name="Tile007" parent="tiles/001" instance=ExtResource( 1 )]
transform = Transform( -0.707107, 0, 0.707107, 0, 1, 0, -0.707107, 0, -0.707107, 0, 0, 0 )

[node name="Tile008" parent="tiles/001" instance=ExtResource( 1 )]
transform = Transform( -0.92388, 0, 0.382683, 0, 1, 0, -0.382683, 0, -0.92388, 0, 0, 0 )

[node name="Tile009" parent="tiles/001" instance=ExtResource( 1 )]
transform = Transform( -1, 0, -3.25841e-07, 0, 1, 0, 3.25841e-07, 0, -1, 0, 0, 0 )

[node name="Tile010" parent="tiles/001" instance=ExtResource( 1 )]
transform = Transform( -0.923879, 0, -0.382684, 0, 1, 0, 0.382684, 0, -0.923879, 0, 0, 0 )

[node name="Tile011" parent="tiles/001" instance=ExtResource( 1 )]
transform = Transform( -0.707107, 0, -0.707107, 0, 1, 0, 0.707107, 0, -0.707107, 0, 0, 0 )

[node name="Tile012" parent="tiles/001" instance=ExtResource( 1 )]
transform = Transform( -0.382683, 0, -0.92388, 0, 1, 0, 0.92388, 0, -0.382683, 0, 0, 0 )

[node name="Tile013" parent="tiles/001" instance=ExtResource( 1 )]
transform = Transform( 1.19249e-08, 0, -1, 0, 1, 0, 1, 0, 1.19249e-08, 0, 0, 0 )

[node name="Tile014" parent="tiles/001" instance=ExtResource( 1 )]
transform = Transform( 0.382684, 0, -0.923879, 0, 1, 0, 0.923879, 0, 0.382684, 0, 0, 0 )

[node name="Tile015" parent="tiles/001" instance=ExtResource( 1 )]
transform = Transform( 0.707107, 0, -0.707107, 0, 1, 0, 0.707107, 0, 0.707107, 0, 0, 0 )

[node name="Tile016" parent="tiles/001" instance=ExtResource( 1 )]
transform = Transform( 0.92388, 0, -0.382683, 0, 1, 0, 0.382683, 0, 0.92388, 0, 0, 0 )

[node name="002" type="Spatial" parent="tiles"]

[node name="Tile002" parent="tiles/002" instance=ExtResource( 2 )]

[node name="Tile003" parent="tiles/002" instance=ExtResource( 2 )]
transform = Transform( 0.92388, 0, 0.382683, 0, 1, 0, -0.382683, 0, 0.92388, 0, 0, 0 )

[node name="Tile004" parent="tiles/002" instance=ExtResource( 2 )]
transform = Transform( 0.707107, 0, 0.707107, 0, 1, 0, -0.707107, 0, 0.707107, 0, 0, 0 )

[node name="Tile005" parent="tiles/002" instance=ExtResource( 2 )]
transform = Transform( 0.382683, 0, 0.92388, 0, 1, 0, -0.92388, 0, 0.382683, 0, 0, 0 )

[node name="Tile006" parent="tiles/002" instance=ExtResource( 2 )]
transform = Transform( -4.37114e-08, 0, 1, 0, 1, 0, -1, 0, -4.37114e-08, 0, 0, 0 )

[node name="Tile007" parent="tiles/002" instance=ExtResource( 2 )]
transform = Transform( -0.382683, 0, 0.92388, 0, 1, 0, -0.92388, 0, -0.382683, 0, 0, 0 )

[node name="Tile008" parent="tiles/002" instance=ExtResource( 2 )]
transform = Transform( -0.707107, 0, 0.707107, 0, 1, 0, -0.707107, 0, -0.707107, 0, 0, 0 )

[node name="Tile009" parent="tiles/002" instance=ExtResource( 2 )]
transform = Transform( -0.92388, 0, 0.382683, 0, 1, 0, -0.382683, 0, -0.92388, 0, 0, 0 )

[node name="Tile010" parent="tiles/002" instance=ExtResource( 2 )]
transform = Transform( -1, 0, -8.74228e-08, 0, 1, 0, 8.74228e-08, 0, -1, 0, 0, 0 )

[node name="Tile011" parent="tiles/002" instance=ExtResource( 2 )]
transform = Transform( -0.923879, 0, -0.382684, 0, 1, 0, 0.382684, 0, -0.923879, 0, 0, 0 )

[node name="Tile012" parent="tiles/002" instance=ExtResource( 2 )]
transform = Transform( -0.707107, 0, -0.707107, 0, 1, 0, 0.707107, 0, -0.707107, 0, 0, 0 )

[node name="Tile013" parent="tiles/002" instance=ExtResource( 2 )]
transform = Transform( -0.382683, 0, -0.92388, 0, 1, 0, 0.92388, 0, -0.382683, 0, 0, 0 )

[node name="Tile014" parent="tiles/002" instance=ExtResource( 2 )]
transform = Transform( 1.31134e-07, 0, -1, 0, 1, 0, 1, 0, 1.31134e-07, 0, 0, 0 )

[node name="Tile015" parent="tiles/002" instance=ExtResource( 2 )]
transform = Transform( 0.382684, 0, -0.923879, 0, 1, 0, 0.923879, 0, 0.382684, 0, 0, 0 )

[node name="Tile016" parent="tiles/002" instance=ExtResource( 2 )]
transform = Transform( 0.707107, 0, -0.707107, 0, 1, 0, 0.707107, 0, 0.707107, 0, 0, 0 )

[node name="Tile017" parent="tiles/002" instance=ExtResource( 2 )]
transform = Transform( 0.92388, 0, -0.382683, 0, 1, 0, 0.382683, 0, 0.92388, 0, 0, 0 )

[node name="003" type="Spatial" parent="tiles"]

[node name="Tile003" parent="tiles/003" instance=ExtResource( 3 )]

[node name="Tile004" parent="tiles/003" instance=ExtResource( 3 )]
transform = Transform( 0.980785, 0, 0.19509, 0, 1, 0, -0.19509, 0, 0.980785, 0, 0, 0 )

[node name="Tile005" parent="tiles/003" instance=ExtResource( 3 )]
transform = Transform( 0.92388, 0, 0.382683, 0, 1, 0, -0.382683, 0, 0.92388, 0, 0, 0 )

[node name="Tile007" parent="tiles/003" instance=ExtResource( 3 )]
transform = Transform( 0.707107, 0, 0.707107, 0, 1, 0, -0.707107, 0, 0.707107, 0, 0, 0 )

[node name="Tile008" parent="tiles/003" instance=ExtResource( 3 )]
transform = Transform( 0.55557, 0, 0.83147, 0, 1, 0, -0.83147, 0, 0.55557, 0, 0, 0 )

[node name="Tile009" parent="tiles/003" instance=ExtResource( 3 )]
transform = Transform( 0.382683, 0, 0.92388, 0, 1, 0, -0.92388, 0, 0.382683, 0, 0, 0 )

[node name="Tile010" parent="tiles/003" instance=ExtResource( 3 )]
transform = Transform( 0.19509, 0, 0.980785, 0, 1, 0, -0.980785, 0, 0.19509, 0, 0, 0 )

[node name="Tile011" parent="tiles/003" instance=ExtResource( 3 )]
transform = Transform( -4.37114e-08, 0, 1, 0, 1, 0, -1, 0, -4.37114e-08, 0, 0, 0 )

[node name="Tile012" parent="tiles/003" instance=ExtResource( 3 )]
transform = Transform( -0.19509, 0, 0.980785, 0, 1, 0, -0.980785, 0, -0.19509, 0, 0, 0 )

[node name="Tile013" parent="tiles/003" instance=ExtResource( 3 )]
transform = Transform( -0.382683, 0, 0.92388, 0, 1, 0, -0.92388, 0, -0.382683, 0, 0, 0 )

[node name="Tile014" parent="tiles/003" instance=ExtResource( 3 )]
transform = Transform( -0.55557, 0, 0.83147, 0, 1, 0, -0.83147, 0, -0.55557, 0, 0, 0 )

[node name="Tile016" parent="tiles/003" instance=ExtResource( 3 )]
transform = Transform( -0.83147, 0, 0.55557, 0, 1, 0, -0.55557, 0, -0.83147, 0, 0, 0 )

[node name="Tile017" parent="tiles/003" instance=ExtResource( 3 )]
transform = Transform( -0.92388, 0, 0.382683, 0, 1, 0, -0.382683, 0, -0.92388, 0, 0, 0 )

[node name="Tile018" parent="tiles/003" instance=ExtResource( 3 )]
transform = Transform( -0.980785, 0, 0.19509, 0, 1, 0, -0.19509, 0, -0.980785, 0, 0, 0 )

[node name="Tile019" parent="tiles/003" instance=ExtResource( 3 )]
transform = Transform( -1, 0, -8.74228e-08, 0, 1, 0, 8.74228e-08, 0, -1, 0, 0, 0 )

[node name="Tile020" parent="tiles/003" instance=ExtResource( 3 )]
transform = Transform( -0.980785, 0, -0.19509, 0, 1, 0, 0.19509, 0, -0.980785, 0, 0, 0 )

[node name="Tile021" parent="tiles/003" instance=ExtResource( 3 )]
transform = Transform( -0.923879, 0, -0.382684, 0, 1, 0, 0.382684, 0, -0.923879, 0, 0, 0 )

[node name="Tile023" parent="tiles/003" instance=ExtResource( 3 )]
transform = Transform( -0.707107, 0, -0.707107, 0, 1, 0, 0.707107, 0, -0.707107, 0, 0, 0 )

[node name="Tile024" parent="tiles/003" instance=ExtResource( 3 )]
transform = Transform( -0.55557, 0, -0.83147, 0, 1, 0, 0.83147, 0, -0.55557, 0, 0, 0 )

[node name="Tile025" parent="tiles/003" instance=ExtResource( 3 )]
transform = Transform( -0.382683, 0, -0.92388, 0, 1, 0, 0.92388, 0, -0.382683, 0, 0, 0 )

[node name="Tile026" parent="tiles/003" instance=ExtResource( 3 )]
transform = Transform( -0.19509, 0, -0.980785, 0, 1, 0, 0.980785, 0, -0.19509, 0, 0, 0 )

[node name="Tile027" parent="tiles/003" instance=ExtResource( 3 )]
transform = Transform( 1.31134e-07, 0, -1, 0, 1, 0, 1, 0, 1.31134e-07, 0, 0, 0 )

[node name="Tile028" parent="tiles/003" instance=ExtResource( 3 )]
transform = Transform( 0.19509, 0, -0.980785, 0, 1, 0, 0.980785, 0, 0.19509, 0, 0, 0 )

[node name="Tile029" parent="tiles/003" instance=ExtResource( 3 )]
transform = Transform( 0.382684, 0, -0.923879, 0, 1, 0, 0.923879, 0, 0.382684, 0, 0, 0 )

[node name="Tile030" parent="tiles/003" instance=ExtResource( 3 )]
transform = Transform( 0.55557, 0, -0.831469, 0, 1, 0, 0.831469, 0, 0.55557, 0, 0, 0 )

[node name="Tile032" parent="tiles/003" instance=ExtResource( 3 )]
transform = Transform( 0.83147, 0, -0.55557, 0, 1, 0, 0.55557, 0, 0.83147, 0, 0, 0 )

[node name="Tile033" parent="tiles/003" instance=ExtResource( 3 )]
transform = Transform( 0.92388, 0, -0.382683, 0, 1, 0, 0.382683, 0, 0.92388, 0, 0, 0 )

[node name="Tile034" parent="tiles/003" instance=ExtResource( 3 )]
transform = Transform( 0.980785, 0, -0.19509, 0, 1, 0, 0.19509, 0, 0.980785, 0, 0, 0 )

[node name="004" type="Spatial" parent="tiles"]

[node name="Tile004" parent="tiles/004" instance=ExtResource( 4 )]

[node name="Tile005" parent="tiles/004" instance=ExtResource( 4 )]
transform = Transform( 0.980785, 0, 0.19509, 0, 1, 0, -0.19509, 0, 0.980785, 0, 0, 0 )

[node name="Tile006" parent="tiles/004" instance=ExtResource( 4 )]
transform = Transform( 0.923879, 0, 0.382683, 0, 1, 0, -0.382683, 0, 0.923879, 0, 0, 0 )

[node name="Tile008" parent="tiles/004" instance=ExtResource( 4 )]
transform = Transform( 0.707107, 0, 0.707107, 0, 1, 0, -0.707107, 0, 0.707107, 0, 0, 0 )

[node name="Tile009" parent="tiles/004" instance=ExtResource( 4 )]
transform = Transform( 0.55557, 0, 0.83147, 0, 1, 0, -0.83147, 0, 0.55557, 0, 0, 0 )

[node name="Tile010" parent="tiles/004" instance=ExtResource( 4 )]
transform = Transform( 0.382683, 0, 0.923879, 0, 1, 0, -0.923879, 0, 0.382683, 0, 0, 0 )

[node name="Tile011" parent="tiles/004" instance=ExtResource( 4 )]
transform = Transform( 0.19509, 0, 0.980785, 0, 1, 0, -0.980785, 0, 0.19509, 0, 0, 0 )

[node name="Tile012" parent="tiles/004" instance=ExtResource( 4 )]
transform = Transform( -4.37114e-08, 0, 1, 0, 1, 0, -1, 0, -4.37114e-08, 0, 0, 0 )

[node name="Tile013" parent="tiles/004" instance=ExtResource( 4 )]
transform = Transform( -0.19509, 0, 0.980785, 0, 1, 0, -0.980785, 0, -0.19509, 0, 0, 0 )

[node name="Tile014" parent="tiles/004" instance=ExtResource( 4 )]
transform = Transform( -0.382683, 0, 0.923879, 0, 1, 0, -0.923879, 0, -0.382683, 0, 0, 0 )

[node name="Tile015" parent="tiles/004" instance=ExtResource( 4 )]
transform = Transform( -0.55557, 0, 0.831469, 0, 1, 0, -0.831469, 0, -0.55557, 0, 0, 0 )

[node name="Tile017" parent="tiles/004" instance=ExtResource( 4 )]
transform = Transform( -0.83147, 0, 0.55557, 0, 1, 0, -0.55557, 0, -0.83147, 0, 0, 0 )

[node name="Tile018" parent="tiles/004" instance=ExtResource( 4 )]
transform = Transform( -0.923879, 0, 0.382683, 0, 1, 0, -0.382683, 0, -0.923879, 0, 0, 0 )

[node name="Tile019" parent="tiles/004" instance=ExtResource( 4 )]
transform = Transform( -0.980785, 0, 0.19509, 0, 1, 0, -0.19509, 0, -0.980785, 0, 0, 0 )

[node name="Tile020" parent="tiles/004" instance=ExtResource( 4 )]
transform = Transform( -1, 0, -8.74228e-08, 0, 1, 0, 8.74228e-08, 0, -1, 0, 0, 0 )

[node name="Tile021" parent="tiles/004" instance=ExtResource( 4 )]
transform = Transform( -0.980785, 0, -0.19509, 0, 1, 0, 0.19509, 0, -0.980785, 0, 0, 0 )

[node name="Tile022" parent="tiles/004" instance=ExtResource( 4 )]
transform = Transform( -0.923879, 0, -0.382684, 0, 1, 0, 0.382684, 0, -0.923879, 0, 0, 0 )

[node name="Tile024" parent="tiles/004" instance=ExtResource( 4 )]
transform = Transform( -0.707107, 0, -0.707107, 0, 1, 0, 0.707107, 0, -0.707107, 0, 0, 0 )

[node name="Tile025" parent="tiles/004" instance=ExtResource( 4 )]
transform = Transform( -0.55557, 0, -0.83147, 0, 1, 0, 0.83147, 0, -0.55557, 0, 0, 0 )

[node name="Tile026" parent="tiles/004" instance=ExtResource( 4 )]
transform = Transform( -0.382683, 0, -0.92388, 0, 1, 0, 0.92388, 0, -0.382683, 0, 0, 0 )

[node name="Tile027" parent="tiles/004" instance=ExtResource( 4 )]
transform = Transform( -0.19509, 0, -0.980785, 0, 1, 0, 0.980785, 0, -0.19509, 0, 0, 0 )

[node name="Tile028" parent="tiles/004" instance=ExtResource( 4 )]
transform = Transform( 1.31134e-07, 0, -1, 0, 1, 0, 1, 0, 1.31134e-07, 0, 0, 0 )

[node name="Tile029" parent="tiles/004" instance=ExtResource( 4 )]
transform = Transform( 0.19509, 0, -0.980785, 0, 1, 0, 0.980785, 0, 0.19509, 0, 0, 0 )

[node name="Tile030" parent="tiles/004" instance=ExtResource( 4 )]
transform = Transform( 0.382684, 0, -0.923879, 0, 1, 0, 0.923879, 0, 0.382684, 0, 0, 0 )

[node name="Tile031" parent="tiles/004" instance=ExtResource( 4 )]
transform = Transform( 0.55557, 0, -0.831469, 0, 1, 0, 0.831469, 0, 0.55557, 0, 0, 0 )

[node name="Tile033" parent="tiles/004" instance=ExtResource( 4 )]
transform = Transform( 0.83147, 0, -0.55557, 0, 1, 0, 0.55557, 0, 0.83147, 0, 0, 0 )

[node name="Tile034" parent="tiles/004" instance=ExtResource( 4 )]
transform = Transform( 0.92388, 0, -0.382683, 0, 1, 0, 0.382683, 0, 0.92388, 0, 0, 0 )

[node name="Tile035" parent="tiles/004" instance=ExtResource( 4 )]
transform = Transform( 0.980785, 0, -0.19509, 0, 1, 0, 0.19509, 0, 0.980785, 0, 0, 0 )

[node name="005" type="Spatial" parent="tiles"]

[node name="Tile005" parent="tiles/005" instance=ExtResource( 5 )]

[node name="Tile006" parent="tiles/005" instance=ExtResource( 5 )]
transform = Transform( 0.980785, 0, 0.19509, 0, 1, 0, -0.19509, 0, 0.980785, 0, 0, 0 )

[node name="Tile007" parent="tiles/005" instance=ExtResource( 5 )]
transform = Transform( 0.923879, 0, 0.382683, 0, 1, 0, -0.382683, 0, 0.923879, 0, 0, 0 )

[node name="Tile009" parent="tiles/005" instance=ExtResource( 5 )]
transform = Transform( 0.707107, 0, 0.707107, 0, 1, 0, -0.707107, 0, 0.707107, 0, 0, 0 )

[node name="Tile010" parent="tiles/005" instance=ExtResource( 5 )]
transform = Transform( 0.55557, 0, 0.83147, 0, 1, 0, -0.83147, 0, 0.55557, 0, 0, 0 )

[node name="Tile011" parent="tiles/005" instance=ExtResource( 5 )]
transform = Transform( 0.382683, 0, 0.923879, 0, 1, 0, -0.923879, 0, 0.382683, 0, 0, 0 )

[node name="Tile012" parent="tiles/005" instance=ExtResource( 5 )]
transform = Transform( 0.19509, 0, 0.980785, 0, 1, 0, -0.980785, 0, 0.19509, 0, 0, 0 )

[node name="Tile013" parent="tiles/005" instance=ExtResource( 5 )]
transform = Transform( -4.37114e-08, 0, 1, 0, 1, 0, -1, 0, -4.37114e-08, 0, 0, 0 )

[node name="Tile014" parent="tiles/005" instance=ExtResource( 5 )]
transform = Transform( -0.19509, 0, 0.980785, 0, 1, 0, -0.980785, 0, -0.19509, 0, 0, 0 )

[node name="Tile015" parent="tiles/005" instance=ExtResource( 5 )]
transform = Transform( -0.382683, 0, 0.923879, 0, 1, 0, -0.923879, 0, -0.382683, 0, 0, 0 )

[node name="Tile016" parent="tiles/005" instance=ExtResource( 5 )]
transform = Transform( -0.55557, 0, 0.831469, 0, 1, 0, -0.831469, 0, -0.55557, 0, 0, 0 )

[node name="Tile018" parent="tiles/005" instance=ExtResource( 5 )]
transform = Transform( -0.83147, 0, 0.55557, 0, 1, 0, -0.55557, 0, -0.83147, 0, 0, 0 )

[node name="Tile019" parent="tiles/005" instance=ExtResource( 5 )]
transform = Transform( -0.923879, 0, 0.382683, 0, 1, 0, -0.382683, 0, -0.923879, 0, 0, 0 )

[node name="Tile020" parent="tiles/005" instance=ExtResource( 5 )]
transform = Transform( -0.980785, 0, 0.19509, 0, 1, 0, -0.19509, 0, -0.980785, 0, 0, 0 )

[node name="Tile021" parent="tiles/005" instance=ExtResource( 5 )]
transform = Transform( -1, 0, -8.74228e-08, 0, 1, 0, 8.74228e-08, 0, -1, 0, 0, 0 )

[node name="Tile022" parent="tiles/005" instance=ExtResource( 5 )]
transform = Transform( -0.980785, 0, -0.19509, 0, 1, 0, 0.19509, 0, -0.980785, 0, 0, 0 )

[node name="Tile023" parent="tiles/005" instance=ExtResource( 5 )]
transform = Transform( -0.923879, 0, -0.382684, 0, 1, 0, 0.382684, 0, -0.923879, 0, 0, 0 )

[node name="Tile025" parent="tiles/005" instance=ExtResource( 5 )]
transform = Transform( -0.707107, 0, -0.707107, 0, 1, 0, 0.707107, 0, -0.707107, 0, 0, 0 )

[node name="Tile026" parent="tiles/005" instance=ExtResource( 5 )]
transform = Transform( -0.55557, 0, -0.83147, 0, 1, 0, 0.83147, 0, -0.55557, 0, 0, 0 )

[node name="Tile027" parent="tiles/005" instance=ExtResource( 5 )]
transform = Transform( -0.382683, 0, -0.92388, 0, 1, 0, 0.92388, 0, -0.382683, 0, 0, 0 )

[node name="Tile028" parent="tiles/005" instance=ExtResource( 5 )]
transform = Transform( -0.19509, 0, -0.980785, 0, 1, 0, 0.980785, 0, -0.19509, 0, 0, 0 )

[node name="Tile029" parent="tiles/005" instance=ExtResource( 5 )]
transform = Transform( 1.31134e-07, 0, -1, 0, 1, 0, 1, 0, 1.31134e-07, 0, 0, 0 )

[node name="Tile030" parent="tiles/005" instance=ExtResource( 5 )]
transform = Transform( 0.19509, 0, -0.980785, 0, 1, 0, 0.980785, 0, 0.19509, 0, 0, 0 )

[node name="Tile031" parent="tiles/005" instance=ExtResource( 5 )]
transform = Transform( 0.382684, 0, -0.923879, 0, 1, 0, 0.923879, 0, 0.382684, 0, 0, 0 )

[node name="Tile032" parent="tiles/005" instance=ExtResource( 5 )]
transform = Transform( 0.55557, 0, -0.831469, 0, 1, 0, 0.831469, 0, 0.55557, 0, 0, 0 )

[node name="Tile034" parent="tiles/005" instance=ExtResource( 5 )]
transform = Transform( 0.83147, 0, -0.55557, 0, 1, 0, 0.55557, 0, 0.83147, 0, 0, 0 )

[node name="Tile035" parent="tiles/005" instance=ExtResource( 5 )]
transform = Transform( 0.92388, 0, -0.382683, 0, 1, 0, 0.382683, 0, 0.92388, 0, 0, 0 )

[node name="Tile036" parent="tiles/005" instance=ExtResource( 5 )]
transform = Transform( 0.980785, 0, -0.19509, 0, 1, 0, 0.19509, 0, 0.980785, 0, 0, 0 )

[node name="buildings" type="Spatial" parent="."]

[node name="pillar" parent="buildings" instance=ExtResource( 6 )]
transform = Transform( 0.83147, 0, 0.55557, 0, 1, 0, -0.55557, 0, 0.83147, 0, 0, 0 )

[node name="tile003sliced" parent="buildings/pillar" index="0"]
material/0 = ExtResource( 7 )

[node name="tile004sliced" parent="buildings/pillar" index="1"]
material/0 = ExtResource( 7 )

[node name="tile005sliced" parent="buildings/pillar" index="2"]
material/0 = ExtResource( 7 )

[node name="pillar1001" parent="buildings/pillar" index="3"]
material/0 = ExtResource( 7 )

[node name="pillar2" parent="buildings" instance=ExtResource( 6 )]
transform = Transform( -0.707107, 0, 0.707107, 0, 1, 0, -0.707107, 0, -0.707107, 0, 0, 0 )

[node name="tile003sliced" parent="buildings/pillar2" index="0"]
material/0 = ExtResource( 7 )

[node name="tile004sliced" parent="buildings/pillar2" index="1"]
material/0 = ExtResource( 7 )

[node name="tile005sliced" parent="buildings/pillar2" index="2"]
material/0 = ExtResource( 7 )

[node name="pillar1001" parent="buildings/pillar2" index="3"]
material/0 = ExtResource( 7 )

[node name="pillar3" parent="buildings" instance=ExtResource( 6 )]
transform = Transform( -0.83147, 0, -0.55557, 0, 1, 0, 0.55557, 0, -0.83147, 0, 0, 0 )

[node name="tile003sliced" parent="buildings/pillar3" index="0"]
material/0 = ExtResource( 7 )

[node name="tile004sliced" parent="buildings/pillar3" index="1"]
material/0 = ExtResource( 7 )

[node name="tile005sliced" parent="buildings/pillar3" index="2"]
material/0 = ExtResource( 7 )

[node name="pillar1001" parent="buildings/pillar3" index="3"]
material/0 = ExtResource( 7 )

[node name="pillar4" parent="buildings" instance=ExtResource( 6 )]
transform = Transform( 0.707107, 0, -0.707107, 0, 1, 0, 0.707107, 0, 0.707107, 0, 0, 0 )

[node name="tile003sliced" parent="buildings/pillar4" index="0"]
material/0 = ExtResource( 7 )

[node name="tile004sliced" parent="buildings/pillar4" index="1"]
material/0 = ExtResource( 7 )

[node name="tile005sliced" parent="buildings/pillar4" index="2"]
material/0 = ExtResource( 7 )

[node name="pillar1001" parent="buildings/pillar4" index="3"]
material/0 = ExtResource( 7 )

[node name="Menu" parent="." instance=ExtResource( 8 )]

[editable path="buildings/pillar"]

[editable path="buildings/pillar2"]

[editable path="buildings/pillar3"]

[editable path="buildings/pillar4"]
